   9.494092567507e+02
   1.798818513501e+03
   2.557654396220e+03
   3.234454918104e+03
   3.836953245780e+03
   4.372153569183e+03
   4.846399819459e+03
   5.265437909095e+03
   5.634472104897e+03
   5.958216086908e+03
   6.240939194181e+03
   6.486508311147e+03
   6.698425805504e+03
   6.879863889848e+03
   7.033695744158e+03
   7.162523704484e+03
   7.268704794388e+03
   7.354373849639e+03
   7.421464463022e+03
   7.471727954763e+03
   7.506750554679e+03
   7.527968964639e+03
   7.536684453996e+03
   7.534075626311e+03
   7.521209982595e+03
   7.499054394532e+03
   7.468484590427e+03
   7.430293746956e+03
   7.385200270993e+03
   7.333854847887e+03
   7.276846825310e+03
   7.214709995334e+03
   7.147927831449e+03
   7.076938231908e+03
   7.002137815934e+03
   6.923885814936e+03
   6.842507596927e+03
   6.758297858690e+03
   6.671523517046e+03
   6.582426327566e+03
   6.491225256428e+03
   6.398118628686e+03
   6.303286074033e+03
   6.206890289145e+03
   6.109078633889e+03
   6.009984577067e+03
   5.909729005880e+03
   5.808421411942e+03
   5.706160965503e+03
   5.603037488404e+03
   5.499132335318e+03
   5.394519191916e+03
   5.289264797796e+03
   5.183429601267e+03
   5.077068352398e+03
   4.970230640176e+03
   4.862961379019e+03
   4.755301249431e+03
   4.647287097118e+03
   4.538952294476e+03
   4.430327068014e+03
   4.321438794899e+03
   4.212312271554e+03
   4.102969956938e+03
   3.993432192887e+03
   3.883717403688e+03
   3.773842276840e+03
   3.663821926773e+03
   3.553670043136e+03
   3.443399025108e+03
   3.333020103041e+03
   3.222543448646e+03
   3.111978274785e+03
   3.001332925855e+03
   2.890614959661e+03
   2.779831221561e+03
   2.668987911626e+03
   2.558090645471e+03
   2.447144509345e+03
   2.336154110040e+03
   2.225123620079e+03
   2.114056818657e+03
   2.002957128722e+03
   1.891827650550e+03
   1.780671192166e+03
   1.669490296895e+03
   1.558287268310e+03
   1.447064192836e+03
   1.335822960218e+03
   1.224565282063e+03
   1.113292708629e+03
   1.002006644039e+03
   8.907083600531e+02
   7.793990085489e+02
   6.680796328196e+02
   5.567511778114e+02
   4.454144993940e+02
   3.340703727574e+02
   2.227195000174e+02
   1.113625171038e+02
